0 1
1 1
2 1
3 1
4 0
5 0
6 1
7 1
8 1
9 0
10 0
11 1
12 1
13 0
14 0
15 0
16 0
17 1
18 1
19 0
20 1
21 1
22 0
23 1
24 1
25 1
26 1
27 1
28 1
29 0
30 0
31 1
32 0
33 1
34 1
35 1
36 1
37 1
38 1
39 0
40 1
41 0
42 0
43 1
44 0
45 1
46 0
47 0
48 0
49 0
50 1
51 0
52 1
53 1
54 1
55 0
56 0
57 0
58 0
59 0
60 0
61 0
62 0
63 0
64 0
65 1
66 1
67 1
68 0
69 0
70 1
71 0
72 1
73 0
74 1
75 0
76 1
77 0
78 1
79 0
80 1
81 1
82 0
83 1
84 0
85 1
86 1
87 0
88 0
89 0
90 1
91 1
92 0
93 0
94 0
95 0
96 0
97 1
98 0
99 1
100 0
101 0
102 1
103 1
104 1
105 1
106 0
107 1
108 0
109 0
110 1
111 0
112 1
113 0
114 1
115 0
116 1
117 1
118 1
119 1
120 0
121 0
122 1
123 1
124 1
125 1
126 1
127 0
128 0
129 1
130 0
131 0
132 0
133 0
134 1
135 1
136 1
137 1
138 1
139 0
140 1
141 1
142 0
143 0
144 1
145 1
146 0
147 1
148 1
149 1
150 1
151 1
152 1
153 1
154 0
155 0
156 0
157 1
158 1
159 0
160 0
161 1
162 0
163 0
164 0
165 1
166 0
167 1
168 1
169 0
170 1
171 1
172 0
173 0
174 1
175 1
176 1
177 1
178 1
179 0
180 1
181 0
182 1
183 1
184 0
185 0
186 1
187 0
188 1
189 1
190 1
191 0
192 0
193 0
194 0
195 0
196 1
197 1
198 0
199 1
200 0
201 1
202 0
203 0
204 1
205 1
206 0
207 0
208 1
209 0
210 0
211 1
212 1
213 1
214 0
215 0
216 1
217 0
218 0
219 1
220 0
221 0
222 0
223 0
224 0
225 0
226 1
227 0
228 1
229 0
230 1
231 1
232 1
233 0
234 0
235 0
236 0
237 0
238 0
239 1
240 0
241 1
242 1
243 1
244 0
245 1
246 0
247 0
248 1
249 1
250 1
251 0
252 0
253 1
254 1
255 1
256 0
257 1
258 1
259 1
260 1
261 0
262 0
263 0
264 0
265 0
266 1
267 0
268 0
269 0
270 1
271 1
272 0
273 1
274 0
275 1
276 1
277 0
278 0
279 0
280 0
281 1
282 1
283 0
284 0
285 1
286 0
287 1
288 0
289 0
290 1
291 0
292 0
293 0
294 0
295 0
296 1
297 0
298 1
299 0
300 0
301 0
302 0
303 0
304 0
305 1
306 1
307 0
308 0
309 1
310 1
311 1
312 0
313 0
314 0
315 0
316 1
317 0
318 0
319 1
320 0
321 1
322 0
323 0
324 1
325 0
326 1
327 1
328 0
329 1
330 1
331 0
332 0
333 1
334 0
335 0
336 1
337 0
338 1
339 1
340 1
341 0
342 0
343 0
344 0
345 1
346 1
347 1
348 1
349 0
350 1
351 1
352 1
353 0
354 1
355 1
356 0
357 0
358 1
359 1
360 0
361 0
362 0
363 0
364 1
365 0
366 0
367 1
368 1
369 1
370 0
371 0
372 1
373 0
374 1
375 1
376 1
377 1
378 0
379 1
380 1
381 0
382 0
383 0
384 1
385 0
386 0
387 0
388 1
389 0
390 1
391 0
392 1
393 0
394 1
395 0
396 1
397 0
398 0
399 1
400 1
401 0
402 0
403 0
404 0
405 0
406 1
407 0
408 1
409 1
410 1
411 0
412 1
413 1
414 0
415 0
416 1
417 1
418 0
419 1
420 1
421 0
422 1
423 1
424 1
425 0
426 1
427 1
428 0
429 1
430 0
431 0
432 0
433 1
434 1
435 0
436 0
437 1
438 0
439 0
440 1
441 1
442 1
443 0
444 0
445 0
446 0
447 1
448 0
449 0
450 0
451 1
452 0
453 1
454 0
455 0
456 1
457 1
458 0
459 1
460 1
461 1
462 0
463 1
464 0
465 1
466 1
467 1
468 1
469 1
470 1
471 0
472 0
473 1
474 0
475 0
476 1
477 1
478 0
479 1
480 0
481 0
482 0
483 1
484 0
485 0
486 1
487 0
488 0
489 0
490 1
491 0
492 0
493 0
494 1
495 1
496 1
497 0
498 0
499 0
500 0
501 1
502 1
503 0
504 1
505 0
506 0
507 0
508 0
509 1
510 0
511 0
512 1
513 0
514 1
515 1
516 1
517 0
518 0
519 1
520 0
521 0
522 1
523 1
524 0
525 1
526 1
527 1
528 0
529 0
530 0
531 1
532 1
533 0
534 0
535 1
536 1
537 0
538 0
539 1
540 1
541 0
542 0
543 0
544 1
545 0
546 0
547 0
548 1
549 1
550 1
551 1
552 0
553 0
554 1
555 0
556 0
557 0
558 0
559 1
560 1
561 0
562 1
563 0
564 0
565 0
566 1
567 0
568 1
569 0
570 1
571 0
572 0
573 1
574 1
575 1
576 1
577 1
578 0
579 0
580 1
581 0
582 0
583 0
584 1
585 0
586 1
587 1
588 1
589 1
590 0
591 1
592 0
593 0
594 1
595 1
596 1
597 1
598 0
599 1
600 1
601 0
602 1
603 0
604 0
605 0
606 0
607 0
608 0
609 1
610 1
611 1
612 0
613 1
614 1
615 0
616 1
617 1
618 1
619 1
620 0
621 1
622 1
623 0
624 1
625 1
626 1
627 0
628 0
629 0
630 0
631 1
632 0
633 0
634 1
635 1
636 0
637 0
638 0
639 0
640 1
641 1
642 0
643 0
644 1
645 0
646 1
647 1
648 1
649 0
650 0
651 1
652 0
653 1
654 0
655 1
656 0
657 1
658 1
659 0
660 1
661 0
662 0
663 0
664 0
665 1
666 1
667 1
668 0
669 0
670 1
671 1
672 1
673 0
674 0
675 0
676 0
677 0
678 0
679 0
680 1
681 1
682 0
683 0
684 0
685 1
686 0
687 1
688 1
689 0
690 1
691 1
692 1
693 0
694 1
695 0
696 1
697 1
698 0
699 1
700 1
701 1
702 1
703 1
704 0
705 0
706 1
707 1
708 0
709 1
710 0
711 0
712 0
713 0
714 1
715 1
716 0
717 0
718 1
719 0
720 0
721 1
722 1
723 0
724 0
725 0
726 0
727 0
728 1
729 0
730 1
731 1
732 0
733 0
734 0
735 0
736 0
737 0
738 1
739 0
740 1
741 0
742 1
743 1
744 0
745 0
746 0
747 0
748 0
749 1
750 0
751 0
752 1
753 0
754 1
755 1
756 1
757 0
758 0
759 0
760 1
761 0
762 1
763 0
764 0
765 0
766 1
767 1
768 0
769 1
770 1
771 0
772 1
773 1
774 1
775 0
776 1
777 1
778 0
779 1
780 0
781 0
782 1
783 0
784 1
785 1
786 0
787 0
788 0
789 1
790 1
791 1
792 1
793 1
794 0
795 1
796 1
797 0
798 1
799 1
800 0
801 0
802 0
803 1
804 0
805 0
806 0
807 1
808 0
809 0
810 0
811 0
812 0
813 0
814 0
815 0
816 0
817 1
818 1
819 1
820 0
821 0
822 1
823 0
824 0
825 0
826 1
827 1
828 0
829 0
830 0
831 1
832 1
833 1
834 1
835 0
836 0
837 0
838 1
839 1
840 0
841 0
842 0
843 0
844 0
845 0
846 0
847 1
848 1
849 1
850 1
851 1
852 1
853 1
854 1
855 0
856 0
857 1
858 0
859 1
860 0
861 0
862 1
863 1
864 1
865 0
866 1
867 0
868 0
869 0
870 1
871 1
872 0
873 0
874 0
875 1
876 1
877 1
878 0
879 1
880 1
881 0
882 0
883 0
884 1
885 1
886 1
887 0
888 0
889 1
890 1
891 0
892 1
893 1
894 1
895 0
896 0
897 0
898 1
899 1
900 0
901 1
902 1
903 1
904 1
905 1
906 0
907 1
908 0
909 1
910 1
911 1
912 0
913 1
914 1
915 1
916 0
917 1
918 0
919 0
920 1
921 0
922 0
923 1
924 0
925 0
926 0
927 0
928 1
929 1
930 0
931 1
932 0
933 0
934 1
935 0
936 1
937 0
938 0
939 1
940 0
941 1
942 0
943 1
944 0
945 1
946 0
947 0
948 1
949 0
950 0
951 1
952 1
953 1
954 1
955 1
956 0
957 0
958 1
959 0
960 0
961 1
962 1
963 0
964 0
965 1
966 0
967 1
968 0
969 1
970 1
971 1
972 1
973 1
974 1
975 1
976 0
977 1
978 1
979 0
980 1
981 1
982 1
983 0
984 1
985 1
986 1
987 1
988 0
989 0
990 1
991 0
992 0
993 1
994 1
995 0
996 0
997 1
998 0
999 1
1000 1
1001 1
1002 0
1003 1
1004 0
1005 1
1006 0
1007 1
1008 0
1009 0
1010 0
1011 1
1012 1
1013 0
1014 0
1015 0
1016 0
1017 1
1018 1
1019 1
1020 1
1021 1
1022 1
1023 0
1024 1
1025 1
1026 0
1027 1
1028 0
1029 1
1030 0
1031 0
1032 0
1033 1
1034 1
1035 1
1036 1
1037 0
1038 0
1039 1
1040 0
1041 1
1042 0
1043 0
1044 0
1045 1
1046 1
1047 1
1048 1
1049 1
1050 0
1051 1
1052 1
1053 0
1054 0
1055 0
1056 0
1057 1
1058 1
1059 1
1060 1
1061 1
1062 1
1063 0
1064 1
1065 0
1066 0
1067 0
1068 0
1069 1
1070 1
1071 0
1072 0
1073 1
1074 1
1075 0
1076 1
1077 0
1078 1
1079 0
1080 0
1081 0
1082 0
1083 1
1084 1
1085 1
1086 1
1087 0
1088 1
1089 1
1090 0
1091 0
1092 0
1093 1
1094 0
1095 0
1096 0
1097 1
1098 1
1099 0
1100 0
1101 1
1102 0
1103 0
1104 1
1105 0
1106 0
1107 0
1108 1
1109 1
1110 1
1111 0
1112 1
1113 0
1114 0
1115 1
1116 1
1117 1
1118 1
1119 1
1120 0
1121 1
1122 0
1123 1
1124 0
1125 0
1126 1
1127 0
1128 1
1129 0
1130 1
1131 1
1132 1
1133 1
1134 1
1135 0
1136 0
1137 0
1138 1
1139 1
1140 0
1141 1
1142 1
1143 0
1144 1
1145 1
1146 0
1147 0
1148 1
1149 1
1150 0
1151 1
1152 1
1153 1
1154 0
1155 0
1156 1
1157 0
1158 1
1159 1
1160 0
1161 0
1162 1
1163 1
1164 0
1165 0
1166 1
1167 1
1168 1
1169 1
1170 1
1171 0
1172 1
1173 0
1174 0
1175 0
1176 0
1177 1
1178 1
1179 1
1180 1
1181 1
1182 1
1183 0
1184 0
1185 0
1186 0
1187 0
1188 0
1189 1
1190 1
1191 1
1192 0
1193 1
1194 0
1195 0
1196 1
1197 0
1198 1
1199 0
1200 0
1201 0
1202 1
1203 1
1204 0
1205 1
1206 1
1207 1
1208 0
1209 0
1210 0
1211 0
1212 1
1213 1
1214 1
1215 1
1216 1
1217 1
1218 0
1219 1
1220 1
1221 0
1222 0
1223 1
1224 0
1225 0
1226 1
1227 1
1228 1
1229 0
1230 1
1231 0
1232 0
1233 0
1234 1
1235 0
1236 0
1237 0
1238 0
1239 0
1240 1
1241 1
1242 1
1243 0
1244 0
1245 1
1246 1
1247 1
1248 1
1249 1
1250 1
1251 1
1252 1
1253 0
1254 0
1255 1
1256 1
1257 0
1258 1
1259 0
1260 0
1261 1
1262 1
1263 0
1264 1
1265 0
1266 1
1267 0
1268 1
1269 1
1270 0
1271 1
1272 0
1273 0
1274 0
1275 0
1276 0
1277 0
1278 0
1279 0
1280 1
1281 1
1282 1
1283 1
1284 1
1285 0
1286 1
1287 0
1288 0
1289 1
1290 0
1291 1
1292 1
1293 0
1294 0
1295 1
1296 0
1297 1
1298 0
1299 1
1300 0
1301 0
1302 0
1303 0
1304 1
1305 1
1306 1
1307 1
1308 1
1309 1
1310 1
1311 1
1312 1
1313 1
1314 1
1315 1
1316 1
1317 1
1318 1
1319 0
1320 1
1321 0
1322 0
1323 1
1324 1
1325 1
1326 1
1327 0
1328 1
1329 1
1330 1
1331 0
1332 0
1333 1
1334 1
1335 0
1336 1
1337 0
1338 1
1339 0
1340 0
1341 0
1342 0
1343 1
1344 0
1345 1
1346 1
1347 0
1348 1
1349 0
1350 1
1351 1
1352 0
1353 0
1354 0
1355 0
1356 0
1357 1
1358 0
1359 1
1360 0
1361 0
1362 0
1363 1
1364 0
1365 1
1366 0
1367 1
1368 0
1369 0
1370 1
1371 1
1372 1
1373 1
1374 1
1375 0
1376 1
1377 0
1378 1
1379 0
1380 0
1381 1
1382 1
1383 0
1384 1
1385 0
1386 0
1387 1
1388 0
1389 1
1390 1
1391 1
1392 0
1393 1
1394 0
1395 0
1396 1
1397 0
1398 1
1399 1
1400 0
1401 1
1402 1
1403 1
1404 0
1405 0
1406 0
1407 0
1408 1
1409 0
1410 0
1411 0
1412 0
1413 0
1414 0
1415 1
1416 0
1417 0
1418 0
1419 0
1420 0
1421 0
1422 0
1423 0
1424 0
1425 0
1426 0
1427 0
1428 1
1429 0
1430 0
1431 0
1432 1
1433 1
1434 1
1435 0
1436 1
1437 1
1438 0
1439 0
1440 1
1441 0
1442 1
1443 1
1444 0
1445 0
1446 0
1447 0
1448 0
1449 1
1450 0
1451 0
1452 1
1453 0
1454 0
1455 1
1456 1
1457 1
1458 1
1459 0
1460 0
1461 1
1462 0
1463 0
1464 1
1465 0
1466 0
1467 0
1468 0
1469 0
1470 1
1471 1
1472 1
1473 1
1474 1
1475 0
1476 0
1477 1
1478 0
1479 0
1480 0
1481 1
1482 0
1483 1
1484 0
1485 0
1486 1
1487 0
1488 0
1489 0
1490 1
1491 0
1492 1
1493 0
1494 0
1495 0
1496 0
1497 1
1498 0
1499 1
1500 0
1501 0
1502 1
1503 0
1504 1
1505 0
1506 0
1507 1
1508 1
1509 1
1510 1
1511 1
1512 0
1513 0
1514 1
1515 1
1516 1
1517 0
1518 1
1519 0
1520 0
1521 1
1522 0
1523 0
1524 0
1525 1
1526 1
1527 1
1528 0
1529 1
1530 1
1531 1
1532 0
1533 1
1534 1
1535 0
1536 1
1537 0
1538 0
1539 1
1540 1
1541 1
1542 0
1543 1
1544 0
1545 1
1546 0
1547 1
1548 0
1549 0
1550 0
1551 0
1552 0
1553 0
1554 0
1555 1
1556 1
1557 1
1558 1
1559 1
1560 0
1561 1
1562 1
1563 0
1564 0
1565 1
1566 1
1567 1
1568 1
1569 0
1570 0
1571 0
1572 1
1573 0
1574 1
1575 0
1576 0
1577 0
1578 1
1579 1
1580 1
1581 0
1582 0
1583 0
1584 0
1585 0
1586 1
1587 0
1588 0
1589 1
1590 0
1591 1
1592 0
1593 1
1594 1
1595 1
1596 0
1597 1
1598 1
1599 1
1600 1
1601 0
1602 0
1603 0
1604 1
1605 1
1606 0
1607 0
1608 1
1609 0
1610 0
1611 0
1612 1
1613 1
1614 0
1615 1
1616 0
1617 0
1618 0
1619 1
1620 1
1621 1
1622 1
1623 1
1624 0
1625 0
1626 0
1627 0
1628 1
1629 0
1630 1
1631 0
1632 1
1633 0
1634 1
1635 0
1636 1
1637 1
1638 1
1639 1
1640 1
1641 1
1642 1
1643 1
1644 1
1645 1
1646 1
1647 0
1648 1
1649 1
1650 1
1651 0
1652 1
1653 0
1654 0
1655 0
1656 1
1657 1
1658 1
1659 0
1660 0
1661 1
1662 1
1663 0
1664 1
1665 0
1666 1
1667 0
1668 0
1669 1
1670 0
1671 1
1672 1
1673 1
1674 1
1675 0
1676 1
1677 0
1678 0
1679 0
1680 1
1681 0
1682 0
1683 0
1684 1
1685 0
1686 0
1687 1
1688 0
1689 0
1690 0
1691 1
1692 0
1693 1
1694 0
1695 1
1696 0
1697 0
1698 1
1699 0
1700 1
1701 0
1702 1
1703 1
1704 0
1705 1
1706 1
1707 1
1708 0
1709 0
1710 1
1711 0
1712 0
1713 1
1714 1
1715 0
1716 1
1717 1
1718 0
1719 0
1720 0
1721 0
1722 1
1723 1
1724 0
1725 0
1726 0
1727 0
1728 1
1729 0
1730 0
1731 1
1732 1
1733 1
1734 1
1735 0
1736 1
1737 1
1738 0
1739 1
1740 0
1741 1
1742 0
1743 0
1744 0
1745 1
1746 0
1747 1
1748 0
1749 0
1750 1
1751 0
1752 0
1753 1
1754 1
1755 1
1756 1
1757 1
1758 0
1759 0
1760 1
1761 1
1762 1
1763 1
1764 1
1765 0
1766 0
1767 0
1768 1
1769 1
1770 0
1771 1
1772 0
1773 0
1774 1
1775 1
1776 0
1777 0
1778 1
1779 1
1780 0
1781 1
1782 0
1783 1
1784 1
1785 1
1786 1
1787 0
1788 1
1789 1
1790 1
1791 1
1792 1
1793 1
1794 0
1795 1
1796 0
1797 0
1798 1
1799 0
1800 0
1801 1
1802 0
1803 0
1804 0
1805 0
1806 0
1807 0
1808 0
1809 1
1810 0
1811 1
1812 1
1813 1
1814 1
1815 0
1816 0
1817 1
1818 1
1819 0
1820 1
1821 0
1822 0
1823 1
1824 1
1825 0
1826 1
1827 1
1828 0
1829 1
1830 1
1831 0
1832 0
1833 0
1834 0
1835 1
1836 1
1837 1
1838 0
1839 1
1840 1
1841 0
1842 1
1843 0
1844 1
1845 1
1846 0
1847 1
1848 0
1849 0
1850 0
1851 1
1852 0
1853 1
1854 0
1855 1
1856 0
1857 0
1858 0
1859 1
1860 0
1861 1
1862 0
1863 1
1864 0
1865 0
1866 1
1867 1
1868 1
1869 0
1870 0
1871 1
1872 1
1873 1
1874 0
1875 0
1876 0
1877 0
1878 1
1879 1
1880 0
1881 1
1882 0
1883 0
1884 1
1885 1
1886 1
1887 1
1888 0
1889 0
1890 1
1891 0
1892 1
1893 0
1894 0
1895 0
1896 0
1897 0
1898 1
1899 0
1900 1
1901 0
1902 1
1903 1
1904 0
1905 1
1906 1
1907 0
1908 0
1909 0
1910 1
1911 1
1912 0
1913 0
1914 1
1915 1
1916 0
1917 0
1918 1
1919 0
1920 0
1921 1
1922 1
1923 0
1924 1
1925 1
1926 0
1927 1
1928 0
1929 0
1930 1
1931 0
1932 1
1933 1
1934 1
1935 1
1936 0
1937 1
1938 1
1939 0
1940 1
1941 1
1942 0
1943 0
1944 1
1945 0
1946 1
1947 0
1948 1
1949 0
1950 0
1951 1
1952 0
1953 0
1954 1
1955 1
1956 1
1957 1
1958 0
1959 1
1960 1
1961 1
1962 1
1963 0
1964 0
1965 0
1966 0
1967 1
1968 0
1969 1
1970 0
1971 0
1972 0
1973 1
1974 1
1975 1
1976 1
1977 1
1978 0
1979 0
1980 0
1981 1
1982 0
1983 1
1984 1
1985 1
1986 0
1987 0
1988 0
1989 0
1990 1
1991 1
1992 1
1993 1
1994 1
1995 0
1996 0
1997 1
1998 1
1999 1
2000 0
2001 0
2002 0
2003 0
2004 1
2005 1
2006 1
2007 0
2008 1
2009 1
2010 1
2011 1
2012 0
2013 1
2014 1
2015 1
2016 0
2017 0
2018 0
2019 1
2020 1
2021 0
2022 1
2023 1
2024 0
2025 1
2026 0
2027 1
2028 0
2029 0
2030 0
2031 1
2032 1
2033 0
2034 1
2035 1
2036 1
2037 1
2038 0
2039 1
2040 0
2041 1
2042 0
2043 0
2044 0
2045 0
2046 1
2047 1
2048 0
2049 0
2050 0
2051 1
2052 1
2053 1
2054 1
2055 1
2056 0
2057 0
2058 0
2059 1
2060 0
2061 1
2062 0
2063 1
2064 0
2065 1
2066 0
2067 1
2068 0
2069 1
2070 0
2071 1
2072 0
2073 1
2074 1
2075 1
2076 1
2077 1
2078 1
2079 0
2080 1
2081 1
2082 0
2083 1
2084 1
2085 1
2086 1
2087 0
2088 0
2089 1
2090 1
2091 0
2092 1
2093 1
2094 0
2095 0
2096 1
2097 0
2098 0
2099 0
2100 0
2101 0
2102 0
2103 1
2104 0
2105 0
2106 1
2107 1
2108 0
2109 1
2110 1
2111 0
2112 0
2113 1
2114 0
2115 1
2116 1
2117 1
2118 0
2119 1
2120 0
2121 1
2122 0
2123 1
2124 1
2125 1
2126 0
2127 0
2128 1
2129 0
2130 1
2131 0
2132 1
2133 0
2134 1
2135 1
2136 1
2137 1
2138 0
2139 1
2140 0
2141 0
2142 1
2143 0
2144 0
2145 1
2146 0
2147 0
2148 0
2149 0
2150 1
2151 1
2152 1
2153 0
2154 1
2155 1
2156 0
2157 1
2158 0
2159 1
2160 0
2161 0
2162 0
2163 1
2164 1
2165 0
2166 0
2167 1
2168 1
2169 1
2170 1
2171 0
2172 0
2173 0
2174 0
2175 0
2176 0
2177 0
2178 1
2179 0
2180 0
2181 0
2182 1
2183 0
2184 1
2185 0
2186 1
2187 0
2188 0
2189 1
2190 1
2191 0
2192 1
2193 0
2194 1
2195 0
2196 0
2197 0
2198 0
2199 0
2200 0
2201 1
2202 1
2203 0
2204 0
2205 0
2206 0
2207 1
2208 0
2209 0
2210 0
2211 0
2212 1
2213 0
2214 1
2215 1
2216 0
2217 0
2218 1
2219 1
2220 1
2221 0
2222 0
2223 0
2224 0
2225 0
2226 0
2227 0
2228 0
2229 1
2230 1
2231 1
2232 0
2233 1
2234 0
2235 0
2236 0
2237 1
2238 1
2239 1
2240 0
2241 1
2242 0
2243 1
2244 1
2245 0
2246 1
2247 1
2248 0
2249 1
2250 0
2251 0
2252 0
2253 1
2254 0
2255 0
2256 0
2257 0
2258 1
2259 0
2260 0
2261 0
2262 1
2263 0
2264 0
2265 0
2266 1
2267 0
2268 0
2269 0
2270 1
2271 1
2272 0
2273 1
2274 1
2275 1
2276 1
2277 0
2278 0
2279 0
2280 1
2281 1
2282 0
2283 0
2284 1
2285 1
2286 1
2287 0
2288 0
2289 1
2290 0
2291 0
2292 1
2293 0
2294 0
2295 1
2296 0
2297 0
2298 0
2299 0
2300 1
2301 0
2302 1
2303 1
2304 0
2305 1
2306 0
2307 1
2308 0
2309 1
2310 1
2311 1
2312 1
2313 0
2314 1
2315 1
2316 1
2317 1
2318 1
2319 1
2320 0
2321 1
2322 0
2323 1
2324 0
2325 0
2326 0
2327 0
2328 1
2329 0
2330 0
2331 0
2332 0
2333 0
2334 0
2335 1
2336 1
2337 1
2338 1
2339 0
2340 0
2341 0
2342 0
2343 1
2344 1
2345 0
2346 1
2347 1
2348 0
2349 0
2350 0
2351 0
2352 1
2353 0
2354 0
2355 1
2356 1
2357 0
2358 0
2359 0
2360 1
2361 0
2362 0
2363 1
2364 1
2365 1
2366 0
2367 1
2368 1
2369 1
2370 1
2371 0
2372 1
2373 0
2374 1
2375 0
2376 1
2377 0
2378 0
2379 0
2380 0
2381 1
2382 0
2383 1
2384 0
2385 0
2386 0
2387 0
2388 0
2389 0
2390 1
2391 0
2392 1
2393 1
2394 0
2395 0
2396 0
2397 1
2398 1
2399 1
2400 1
2401 0
2402 0
2403 1
2404 1
2405 0
2406 0
2407 1
2408 1
2409 0
2410 0
2411 0
2412 1
2413 1
2414 0
2415 0
2416 0
2417 0
2418 1
2419 1
2420 0
2421 0
2422 1
2423 1
2424 0
2425 0
2426 0
2427 1
2428 1
2429 1
2430 0
2431 0
2432 0
2433 0
2434 0
2435 1
2436 1
2437 0
2438 0
2439 1
2440 0
2441 0
2442 1
2443 0
2444 0
2445 1
2446 1
2447 0
2448 0
2449 0
2450 0
2451 1
2452 1
2453 1
2454 1
2455 1
2456 1
2457 1
2458 1
2459 1
2460 0
2461 0
2462 0
2463 1
2464 0
2465 1
2466 0
2467 0
2468 0
2469 1
2470 1
2471 0
2472 0
2473 1
2474 0
2475 1
2476 1
2477 0
2478 1
2479 0
2480 0
2481 1
2482 0
2483 0
2484 0
2485 1
2486 0
2487 0
2488 0
2489 0
2490 0
2491 1
2492 1
2493 1
2494 1
2495 0
2496 1
2497 0
2498 0
2499 1
2500 1
2501 1
2502 1
2503 0
2504 1
2505 0
2506 0
2507 1
2508 0
2509 1
2510 1
2511 0
2512 1
2513 0
2514 0
2515 0
2516 0
2517 1
2518 1
2519 0
2520 0
2521 1
2522 0
2523 1
2524 0
2525 0
2526 0
2527 0
2528 0
2529 0
2530 0
2531 1
2532 1
2533 0
2534 1
2535 1
2536 1
2537 1
2538 1
2539 1
2540 0
2541 1
2542 0
2543 0
2544 1
2545 1
2546 1
2547 0
2548 0
2549 0
2550 0
2551 0
2552 1
2553 1
2554 0
2555 1
2556 0
2557 0
2558 0
2559 1
2560 1
2561 0
2562 0
2563 0
2564 0
2565 0
2566 0
2567 1
2568 1
2569 0
2570 1
2571 1
2572 0
2573 1
2574 0
2575 0
2576 1
2577 1
2578 0
2579 1
2580 1
2581 0
2582 1
2583 0
2584 1
2585 1
2586 1
2587 1
2588 0
2589 0
2590 1
2591 0
2592 0
2593 1
2594 0
2595 0
2596 1
2597 0
2598 1
2599 0
2600 1
2601 1
2602 1
2603 1
2604 1
2605 0
2606 0
2607 0
2608 0
2609 0
2610 0
2611 1
2612 0
2613 1
2614 0
2615 1
2616 0
2617 0
2618 1
2619 0
2620 0
2621 1
2622 1
2623 1
2624 1
2625 1
2626 1
2627 1
2628 1
2629 0
2630 0
2631 0
2632 0
2633 0
2634 1
2635 1
2636 0
2637 0
2638 0
2639 1
2640 1
2641 1
2642 0
2643 1
2644 1
2645 1
2646 0
2647 1
2648 0
2649 0
2650 0
2651 1
2652 1
2653 1
2654 0
2655 0
2656 0
2657 0
2658 1
2659 1
2660 0
2661 1
2662 1
2663 1
2664 1
2665 0
2666 1
2667 1
2668 1
2669 0
2670 0
2671 0
2672 0
2673 0
2674 1
2675 0
2676 0
2677 0
2678 0
2679 0
2680 1
2681 0
2682 1
2683 1
2684 0
2685 0
2686 1
2687 0
2688 1
2689 1
2690 0
2691 1
2692 1
2693 1
2694 0
2695 1
2696 0
2697 1
2698 1
2699 1
2700 0
2701 1
2702 0
2703 0
2704 0
2705 0
2706 0
2707 0
2708 0
2709 0
2710 0
2711 1
2712 0
2713 0
2714 0
2715 1
2716 0
2717 1
2718 1
2719 1
2720 0
2721 0
2722 1
2723 0
2724 1
2725 1
2726 0
2727 1
2728 1
2729 0
2730 1
2731 1
2732 1
2733 0
2734 0
2735 0
2736 0
2737 1
2738 1
2739 1
2740 1
2741 0
2742 1
2743 1
2744 0
2745 1
2746 0
2747 1
2748 1
2749 1
2750 0
2751 1
2752 1
2753 1
2754 1
2755 1
2756 0
2757 1
2758 1
2759 0
2760 1
2761 1
2762 0
2763 1
2764 0
2765 0
2766 1
2767 1
2768 0
2769 1
2770 1
2771 0
2772 0
2773 0
2774 0
2775 0
2776 1
2777 1
2778 0
2779 1
2780 0
2781 1
2782 1
2783 0
2784 1
2785 1
2786 1
2787 0
2788 0
2789 0
2790 1
2791 0
2792 0
2793 0
2794 1
2795 1
2796 0
2797 1
2798 0
2799 0
2800 1
2801 0
2802 1
2803 1
2804 1
2805 0
2806 0
2807 0
2808 1
2809 1
2810 0
2811 0
2812 1
2813 1
2814 0
2815 1
2816 0
2817 1
2818 1
2819 1
2820 1
2821 0
2822 1
2823 0
2824 0
2825 0
2826 1
2827 0
2828 1
2829 1
2830 0
2831 0
2832 0
2833 1
2834 0
2835 0
2836 0
2837 1
2838 0
2839 0
2840 0
2841 0
2842 0
2843 0
2844 1
2845 0
2846 0
2847 0
2848 1
2849 0
2850 1
2851 0
2852 1
2853 1
2854 1
2855 1
2856 0
2857 0
2858 0
2859 0
2860 0
2861 0
2862 1
2863 0
2864 0
2865 1
2866 0
2867 0
2868 0
2869 1
2870 1
2871 0
2872 1
2873 1
2874 0
2875 1
2876 0
2877 1
2878 0
2879 1
2880 1
2881 1
2882 0
2883 0
2884 0
2885 1
2886 0
2887 0
2888 1
2889 0
2890 0
2891 1
2892 0
2893 0
2894 1
2895 0
2896 1
2897 0
2898 1
2899 1
2900 0
2901 1
2902 0
2903 0
2904 0
2905 0
2906 0
2907 1
2908 0
2909 1
2910 1
2911 0
2912 0
2913 1
2914 0
2915 0
2916 1
2917 1
2918 0
2919 0
2920 1
2921 1
2922 0
2923 0
2924 1
2925 0
2926 1
2927 0
2928 1
2929 1
2930 1
2931 0
2932 0
2933 1
2934 1
2935 1
2936 0
2937 0
2938 1
2939 1
2940 0
2941 1
2942 0
2943 1
2944 1
2945 0
2946 1
2947 1
2948 1
2949 1
2950 0
2951 1
2952 1
2953 0
2954 0
2955 0
2956 0
2957 1
2958 1
2959 0
2960 0
2961 1
2962 0
2963 1
2964 1
2965 0
2966 0
2967 1
2968 0
2969 0
2970 0
2971 0
2972 0
2973 1
2974 1
2975 0
2976 0
2977 1
2978 0
2979 1
2980 1
2981 1
2982 0
2983 1
2984 1
2985 1
2986 1
2987 0
2988 1
2989 1
2990 1
2991 0
2992 1
2993 1
2994 0
2995 0
2996 1
2997 0
2998 1
2999 0
3000 1
3001 0
3002 1
3003 0
3004 0
3005 1
3006 1
3007 1
3008 1
3009 1
3010 0
3011 0
3012 0
3013 1
3014 1
3015 1
3016 1
3017 0
3018 0
3019 1
3020 0
3021 0
3022 0
3023 0
3024 1
3025 0
3026 1
3027 0
3028 0
3029 1
3030 1
3031 0
3032 1
3033 1
3034 1
3035 0
3036 1
3037 1
3038 0
3039 1
3040 0
3041 1
3042 0
3043 0
3044 0
3045 1
3046 1
3047 1
3048 1
3049 0
3050 1
3051 0
3052 1
3053 1
3054 0
3055 1
3056 1
3057 1
3058 1
3059 1
3060 0
3061 1
3062 0
3063 0
3064 0
3065 0
3066 1
3067 0
3068 0
3069 0
3070 0
3071 1
3072 1
3073 1
3074 1
3075 0
3076 1
3077 0
3078 0
3079 0
3080 1
3081 0
3082 0
3083 0
3084 0
3085 0
3086 0
3087 0
3088 0
3089 1
3090 1
3091 1
3092 0
3093 1
3094 1
3095 0
3096 1
3097 0
3098 1
3099 1
3100 0
3101 0
3102 1
3103 0
3104 0
3105 0
3106 1
3107 1
3108 1
3109 1
3110 1
3111 0
3112 0
3113 0
3114 1
3115 0
3116 1
3117 0
3118 0
3119 1
3120 1
3121 1
3122 0
3123 0
3124 1
3125 1
3126 0
3127 0
3128 1
3129 1
3130 0
3131 0
3132 1
3133 1
3134 1
3135 0
3136 0
3137 1
3138 1
3139 0
3140 0
3141 1
3142 0
3143 0
3144 1
3145 1
3146 1
3147 1
3148 1
3149 1
3150 0
3151 1
3152 1
3153 0
3154 1
3155 1
3156 0
3157 1
3158 0
3159 1
3160 0
3161 1
3162 0
3163 1
3164 0
3165 0
3166 0
3167 0
3168 1
3169 0
3170 1
3171 1
3172 1
3173 0
3174 0
3175 0
3176 0
3177 0
3178 1
3179 0
3180 0
3181 0
3182 1
3183 0
3184 0
3185 1
3186 0
3187 1
3188 0
3189 0
3190 1
3191 0
3192 1
3193 0
3194 1
3195 0
3196 1
3197 0
3198 0
3199 0
3200 0
3201 1
3202 0
3203 0
3204 1
3205 1
3206 1
3207 0
3208 0
3209 1
3210 1
3211 1
3212 1
3213 0
3214 1
3215 1
3216 1
3217 1
3218 1
3219 1
3220 1
3221 1
3222 0
3223 0
3224 1
3225 1
3226 1
3227 1
3228 0
3229 1
3230 1
3231 1
3232 1
3233 1
3234 0
3235 0
3236 0
3237 1
3238 1
3239 1
3240 1
3241 1
3242 1
3243 0
3244 0
3245 0
3246 0
3247 1
3248 0
3249 0
3250 1
3251 0
3252 0
3253 1
3254 1
3255 0
3256 1
3257 1
3258 1
3259 1
3260 0
3261 0
3262 0
3263 0
3264 1
3265 0
3266 1
3267 0
3268 0
3269 0
3270 1
3271 1
3272 0
3273 0
3274 0
3275 1
3276 0
3277 0
3278 1
3279 1
3280 0
3281 1
3282 1
3283 0
3284 0
3285 1
3286 0
3287 1
3288 1
3289 0
3290 1
3291 1
3292 0
3293 1
3294 1
3295 0
3296 1
3297 0
3298 1
3299 1
3300 1
3301 0
3302 1
3303 0
3304 0
3305 1
3306 0
3307 0
3308 0
3309 0
3310 0
3311 1
3312 1
3313 1
3314 0
3315 1
3316 0
3317 0
3318 1
3319 1
3320 1
3321 1
3322 0
3323 1
3324 1
3325 0
3326 1
3327 0
3328 1
3329 1
3330 1
3331 0
3332 0
3333 0
3334 1
3335 1
3336 0
3337 0
3338 0
3339 0
3340 0
3341 0
3342 0
3343 1
3344 1
3345 0
3346 1
3347 0
3348 0
3349 0
3350 0
3351 0
3352 1
3353 0
3354 1
3355 0
3356 0
3357 0
3358 1
3359 1
3360 1
3361 0
3362 0
3363 1
3364 1
3365 0
3366 0
3367 1
3368 1
3369 1
3370 0
3371 1
3372 1
3373 0
3374 1
3375 0
3376 0
3377 0
3378 1
3379 0
3380 1
3381 0
3382 0
3383 0
3384 0
3385 0
3386 0
3387 0
3388 0
3389 1
3390 0
3391 0
3392 1
3393 1
3394 0
3395 0
3396 0
3397 1
3398 0
3399 0
3400 0
3401 0
3402 1
3403 1
3404 0
3405 0
3406 1
3407 0
3408 0
3409 1
3410 0
3411 0
3412 1
3413 0
3414 1
3415 1
3416 0
3417 0
3418 1
3419 0
3420 0
3421 1
3422 1
3423 1
3424 1
3425 0
3426 1
3427 0
3428 1
3429 0
3430 0
3431 0
3432 1
3433 0
3434 1
3435 0
3436 1
3437 0
3438 0
3439 1
3440 0
3441 1
3442 1
3443 0
3444 0
3445 1
3446 1
3447 0
3448 1
3449 0
3450 1
3451 1
3452 0
3453 1
3454 1
3455 0
3456 0
3457 1
3458 1
3459 1
3460 1
3461 0
3462 0
3463 0
3464 1
3465 1
3466 0
3467 1
3468 1
3469 0
3470 0
3471 0
3472 0
3473 1
3474 1
3475 1
3476 0
3477 1
3478 1
3479 0
3480 0
3481 1
3482 0
3483 1
3484 0
3485 1
3486 1
3487 1
3488 0
3489 1
3490 1
3491 1
3492 1
3493 1
3494 1
3495 0
3496 0
3497 0
3498 0
3499 0
3500 0
3501 1
3502 0
3503 0
3504 1
3505 0
3506 1
3507 0
3508 1
3509 1
3510 0
3511 0
3512 1
3513 1
3514 1
3515 1
3516 1
3517 0
3518 1
3519 1
3520 0
3521 0
3522 1
3523 0
3524 1
3525 1
3526 0
3527 0
3528 0
3529 1
3530 0
3531 1
3532 1
3533 1
3534 1
3535 1
3536 0
3537 1
3538 1
3539 0
3540 0
3541 0
3542 1
3543 0
3544 0
3545 1
3546 1
3547 0
3548 1
3549 1
3550 0
3551 0
3552 1
3553 0
3554 1
3555 1
3556 1
3557 0
3558 0
3559 0
3560 1
3561 1
3562 1
3563 0
3564 0
3565 0
3566 0
3567 1
3568 1
3569 1
3570 1
3571 1
3572 1
3573 1
3574 0
3575 0
3576 1
3577 1
3578 0
3579 0
3580 1
3581 1
3582 1
3583 0
3584 1
3585 0
3586 1
3587 1
3588 0
3589 0
3590 0
3591 0
3592 1
3593 1
3594 0
3595 1
3596 1
3597 0
3598 1
3599 0
3600 1
3601 0
3602 0
3603 1
3604 0
3605 0
3606 0
3607 1
3608 1
3609 1
3610 1
3611 1
3612 0
3613 0
3614 0
3615 0
3616 1
3617 1
3618 1
3619 1
3620 0
3621 1
3622 0
3623 1
3624 1
3625 1
3626 1
3627 0
3628 0
3629 1
3630 0
3631 1
3632 1
3633 0
3634 0
3635 1
3636 1
3637 1
3638 1
3639 1
3640 1
3641 1
3642 0
3643 1
3644 0
3645 0
3646 0
3647 1
3648 0
3649 0
3650 1
3651 1
3652 1
3653 1
3654 1
3655 0
3656 0
3657 1
3658 0
3659 0
3660 0
3661 0
3662 0
3663 1
3664 1
3665 1
3666 0
3667 1
3668 0
3669 0
3670 0
3671 0
3672 0
3673 1
3674 0
3675 1
3676 0
3677 1
3678 0
3679 1
3680 0
3681 1
3682 1
3683 0
3684 1
3685 0
3686 0
3687 1
3688 1
3689 1
3690 0
3691 0
3692 0
3693 0
3694 0
3695 1
3696 1
3697 0
3698 0
3699 0
3700 0
3701 1
3702 0
3703 0
3704 1
3705 1
3706 1
3707 1
3708 0
3709 0
3710 0
3711 0
3712 0
3713 0
3714 0
3715 0
3716 1
3717 1
3718 0
3719 1
3720 0
3721 0
3722 0
3723 1
3724 1
3725 0
3726 1
3727 1
3728 1
3729 0
3730 0
3731 0
3732 1
3733 1
3734 0
3735 0
3736 1
3737 1
3738 1
3739 0
3740 0
3741 0
3742 0
3743 1
3744 0
3745 1
3746 1
3747 0
3748 0
3749 1
3750 0
3751 1
3752 1
3753 1
3754 1
3755 0
3756 1
3757 0
3758 1
3759 0
3760 0
3761 1
3762 0
3763 1
3764 1
3765 0
3766 0
3767 1
3768 0
3769 1
3770 0
3771 0
3772 0
3773 1
3774 1
3775 1
3776 0
3777 0
3778 0
3779 1
3780 1
3781 0
3782 1
3783 1
3784 0
3785 1
3786 1
3787 1
3788 0
3789 1
3790 1
3791 1
3792 1
3793 0
3794 1
3795 1
3796 1
3797 0
3798 0
3799 0
3800 0
3801 1
3802 1
3803 0
3804 0
3805 0
3806 1
3807 1
3808 0
3809 1
3810 1
3811 1
3812 0
3813 0
3814 0
3815 1
3816 0
3817 0
3818 0
3819 1
3820 1
3821 1
3822 1
3823 1
3824 1
3825 1
3826 0
3827 0
3828 0
3829 0
3830 0
3831 1
3832 1
3833 1
3834 0
3835 1
3836 0
3837 1
3838 0
3839 1
3840 1
3841 1
3842 0
3843 0
3844 0
3845 0
3846 0
3847 0
3848 1
3849 1
3850 0
3851 0
3852 1
3853 1
3854 1
3855 1
3856 1
3857 1
3858 0
3859 0
3860 1
3861 1
3862 0
3863 0
3864 1
3865 1
3866 0
3867 0
3868 1
3869 1
3870 0
3871 0
3872 0
3873 1
3874 0
3875 1
3876 1
3877 0
3878 1
3879 0
3880 1
3881 1
3882 0
3883 1
3884 0
3885 0
3886 0
3887 0
3888 1
3889 0
3890 1
3891 0
3892 1
3893 0
3894 0
3895 0
3896 1
3897 1
3898 1
3899 1
3900 0
3901 0
3902 0
3903 1
3904 0
3905 0
3906 0
3907 0
3908 1
3909 1
3910 1
3911 0
3912 0
3913 1
3914 1
3915 0
3916 1
3917 1
3918 1
3919 0
3920 0
3921 0
3922 0
3923 1
3924 1
3925 1
3926 0
3927 0
3928 0
3929 1
3930 1
3931 1
3932 0
3933 1
3934 1
3935 1
3936 0
3937 0
3938 0
3939 1
3940 1
3941 0
3942 0
3943 1
3944 0
3945 1
3946 1
3947 1
3948 1
3949 1
3950 1
3951 0
3952 0
3953 0
3954 0
3955 1
3956 1
3957 0
3958 1
3959 0
3960 1
3961 0
3962 1
3963 0
3964 1
3965 0
3966 1
3967 0
3968 1
3969 0
3970 0
3971 1
3972 0
3973 1
3974 0
3975 0
3976 1
3977 1
3978 1
3979 0
3980 1
3981 1
3982 0
3983 1
3984 1
3985 1
3986 0
3987 1
3988 0
3989 1
3990 0
3991 1
3992 0
3993 0
3994 0
3995 0
3996 0
3997 0
3998 1
3999 0
4000 1
4001 1
4002 1
4003 1
4004 0
4005 0
4006 1
4007 0
4008 1
4009 1
4010 1
4011 1
4012 0
4013 1
4014 0
4015 1
4016 1
4017 0
4018 1
4019 0
4020 1
4021 0
4022 0
4023 1
4024 0
4025 0
4026 0
4027 1
4028 1
4029 0
4030 0
4031 1
4032 0
4033 1
4034 0
4035 1
4036 0
4037 0
4038 0
4039 0
4040 1
4041 1
4042 1
4043 0
4044 0
4045 1
4046 1
4047 0
4048 1
4049 1
4050 0
4051 1
4052 0
4053 0
4054 0
4055 0
4056 1
4057 0
4058 1
4059 0
4060 1
4061 1
4062 0
4063 0
4064 0
4065 1
4066 0
4067 1
4068 1
4069 0
4070 0
4071 1
4072 1
4073 1
4074 1
4075 1
4076 0
4077 1
4078 0
4079 0
4080 1
4081 1
4082 0
4083 1
4084 0
4085 1
4086 0
4087 0
4088 1
4089 1
4090 1
4091 1
4092 0
4093 0
4094 1
4095 0
4096 1
4097 1
4098 1
4099 1
4100 0
4101 0
4102 1
4103 0
4104 1
4105 1
4106 1
4107 0
4108 0
4109 1
4110 0
4111 1
4112 0
4113 1
4114 0
4115 1
4116 0
4117 1
4118 1
4119 0
4120 1
4121 1
4122 0
4123 0
4124 0
4125 1
4126 0
4127 1
4128 1
4129 0
4130 0
4131 0
4132 1
4133 1
4134 0
4135 1
4136 1
4137 0
4138 0
4139 0
4140 1
4141 1
4142 1
4143 0
4144 1
4145 1
4146 0
4147 0
4148 1
4149 0
4150 0
4151 0
4152 0
4153 0
4154 0
4155 0
4156 1
4157 0
4158 0
4159 1
4160 0
4161 1
4162 1
4163 1
4164 0
4165 1
4166 0
4167 0
4168 0
4169 0
4170 1
4171 0
4172 0
4173 0
4174 1
4175 1
4176 1
4177 0
4178 1
4179 0
4180 0
4181 1
4182 0
4183 1
4184 0
4185 0
4186 1
4187 1
4188 1
4189 0
4190 0
4191 0
4192 1
4193 0
4194 0
4195 0
4196 1
4197 0
4198 1
4199 1
4200 0
4201 1
4202 1
4203 1
4204 0
4205 0
4206 1
4207 1
4208 1
4209 0
4210 0
4211 1
4212 0
4213 1
4214 0
4215 0
4216 1
4217 0
4218 1
4219 0
4220 0
4221 0
4222 0
4223 1
4224 1
4225 0
4226 1
4227 1
4228 0
4229 0
4230 1
4231 0
4232 0
4233 0
4234 0
4235 0
4236 1
4237 0
4238 0
4239 0
4240 0
4241 1
4242 0
4243 1
4244 0
4245 0
4246 1
4247 0
4248 1
4249 1
4250 1
4251 0
4252 0
4253 1
4254 0
4255 0
4256 1
4257 1
4258 0
4259 0
4260 1
4261 1
4262 1
4263 0
4264 0
4265 0
4266 1
4267 1
4268 1
4269 0
4270 0
4271 1
4272 0
4273 1
4274 0
4275 0
4276 0
4277 1
4278 0
4279 0
4280 0
4281 1
4282 0
4283 0
4284 1
4285 0
4286 1
4287 1
4288 1
4289 0
4290 1
4291 1
4292 0
4293 0
4294 1
4295 0
4296 1
4297 1
4298 0
4299 1
4300 0
4301 0
4302 1
4303 0
4304 1
4305 1
4306 1
4307 1
4308 0
4309 1
4310 0
4311 1
4312 1
4313 1
4314 1
4315 0
4316 0
4317 1
4318 0
4319 1
4320 1
4321 1
4322 1
4323 1
4324 1
4325 1
4326 0
4327 0
4328 0
4329 0
4330 0
4331 1
4332 0
4333 1
4334 0
4335 0
4336 0
4337 0
4338 0
4339 1
4340 0
4341 1
4342 1
4343 0
4344 1
4345 0
4346 0
4347 1
4348 0
4349 1
4350 1
4351 1
4352 0
4353 1
4354 0
4355 0
4356 0
4357 0
4358 0
4359 0
4360 1
4361 1
4362 1
4363 1
4364 0
4365 1
4366 1
4367 1
4368 1
4369 0
4370 0
4371 1
4372 0
4373 1
4374 0
4375 1
4376 0
4377 0
4378 1
4379 1
4380 0
4381 1
4382 0
4383 0
4384 0
4385 1
4386 1
4387 1
4388 1
4389 1
4390 0
4391 1
4392 0
4393 1
4394 0
4395 1
4396 0
4397 0
4398 0
4399 1
4400 0
4401 1
4402 0
4403 0
4404 1
4405 0
4406 0
4407 1
4408 0
4409 0
4410 0
4411 1
4412 1
4413 1
4414 1
4415 0
4416 1
4417 1
4418 0
4419 0
4420 0
4421 0
4422 0
4423 1
4424 0
4425 1
4426 0
4427 0
4428 0
4429 1
4430 0
4431 1
4432 1
4433 1
4434 1
4435 1
4436 1
4437 1
4438 1
4439 1
4440 0
4441 1
4442 1
4443 1
4444 0
4445 1
4446 0
4447 1
4448 1
4449 0
4450 0
4451 0
4452 0
4453 0
4454 0
4455 1
4456 0
4457 1
4458 0
4459 1
4460 0
4461 0
4462 1
4463 0
4464 1
4465 1
4466 1
4467 0
4468 1
4469 1
4470 1
4471 1
4472 1
4473 0
4474 0
4475 1
4476 1
4477 1
4478 1
4479 0
4480 1
4481 1
4482 0
4483 1
4484 1
4485 1
4486 1
4487 1
4488 1
4489 0
4490 0
4491 0
4492 0
4493 1
4494 1
4495 0
4496 0
4497 1
4498 0
4499 0
4500 0
4501 1
4502 0
4503 1
4504 0
4505 0
4506 0
4507 1
4508 1
4509 0
4510 0
4511 0
4512 0
4513 0
4514 0
4515 1
4516 1
4517 0
4518 0
4519 1
4520 0
4521 1
4522 1
4523 0
4524 1
4525 1
4526 0
4527 0
4528 0
4529 1
4530 0
4531 1
4532 0
4533 1
4534 1
4535 1
4536 0
4537 0
4538 1
4539 1
4540 1
4541 0
4542 0
4543 0
4544 0
4545 1
4546 0
4547 0
4548 1
4549 0
4550 1
4551 0
4552 1
4553 0
4554 0
4555 1
4556 1
4557 1
4558 1
4559 0
4560 1
4561 1
4562 0
4563 1
4564 1
4565 1
4566 0
4567 0
4568 1
4569 0
4570 1
4571 1
4572 0
4573 1
4574 1
4575 0
4576 1
4577 0
4578 1
4579 1
4580 1
4581 1
4582 1
4583 0
4584 0
4585 1
4586 1
4587 0
4588 1
4589 1
4590 1
4591 0
4592 0
4593 1
4594 1
4595 0
4596 0
4597 0
4598 0
4599 1
4600 0
4601 1
4602 0
4603 0
4604 0
4605 1
4606 0
4607 1
4608 1
4609 1
4610 1
4611 0
4612 0
4613 0
4614 0
4615 1
4616 0
4617 0
4618 0
4619 0
4620 0
4621 1
4622 0
4623 1
4624 1
4625 0
4626 1
4627 0
4628 0
4629 1
4630 0
4631 0
4632 1
4633 0
4634 1
4635 1
4636 0
4637 1
4638 0
4639 1
4640 1
4641 1
4642 0
4643 1
4644 0
4645 1
4646 0
4647 1
4648 0
4649 0
4650 1
4651 1
4652 1
4653 0
4654 0
4655 0
4656 1
4657 1
4658 0
4659 1
4660 1
4661 0
4662 1
4663 0
4664 0
4665 0
4666 0
4667 0
4668 0
4669 1
4670 1
4671 1
4672 0
4673 0
4674 0
4675 1
4676 0
4677 1
4678 1
4679 0
4680 1
4681 0
4682 0
4683 1
4684 1
4685 0
4686 0
4687 0
4688 1
4689 1
4690 1
4691 1
4692 0
4693 0
4694 1
4695 1
4696 1
4697 0
4698 0
4699 1
4700 1
4701 0
4702 1
4703 1
4704 1
4705 1
4706 0
4707 0
4708 0
4709 0
4710 1
4711 1
4712 0
4713 0
4714 0
4715 1
4716 1
4717 0
4718 1
4719 0
4720 1
4721 0
4722 1
4723 1
4724 0
4725 0
4726 1
4727 0
4728 1
4729 0
4730 0
4731 1
4732 1
4733 0
4734 1
4735 1
4736 0
4737 1
4738 0
4739 0
4740 0
4741 0
4742 1
4743 1
4744 1
4745 1
4746 0
4747 0
4748 1
4749 1
4750 1
4751 1
4752 1
4753 0
4754 1
4755 0
4756 0
4757 0
4758 0
4759 0
4760 1
4761 1
4762 1
4763 0
4764 0
4765 0
4766 1
4767 1
4768 0
4769 0
4770 1
4771 1
4772 0
4773 0
4774 1
4775 0
4776 0
4777 1
4778 1
4779 0
4780 0
4781 1
4782 0
4783 1
4784 0
4785 1
4786 0
4787 0
4788 0
4789 1
4790 1
4791 1
4792 0
4793 1
4794 0
4795 1
4796 1
4797 1
4798 1
4799 0
4800 0
4801 0
4802 0
4803 0
4804 0
4805 0
4806 1
4807 1
4808 0
4809 1
4810 0
4811 1
4812 0
4813 1
4814 1
4815 0
4816 0
4817 0
4818 0
4819 0
4820 0
4821 0
4822 0
4823 0
4824 1
4825 1
4826 0
4827 0
4828 1
4829 1
4830 0
4831 1
4832 0
4833 0
4834 1
4835 1
4836 0
4837 1
4838 1
4839 1
4840 1
4841 1
4842 0
4843 0
4844 0
4845 1
4846 1
4847 1
4848 1
4849 1
4850 0
4851 0
4852 0
4853 0
4854 1
4855 0
4856 0
4857 1
4858 1
4859 1
4860 1
4861 1
4862 1
4863 1
4864 0
4865 0
4866 1
4867 0
4868 1
4869 1
4870 0
4871 0
4872 1
4873 0
4874 1
4875 1
4876 0
4877 0
4878 1
4879 0
4880 1
4881 1
4882 1
4883 0
4884 0
4885 0
4886 1
4887 0
4888 0
4889 1
4890 1
4891 1
4892 1
4893 1
4894 1
4895 1
4896 1
4897 0
4898 0
4899 0
4900 0
4901 0
4902 1
4903 1
4904 0
4905 1
4906 1
4907 0
4908 0
4909 0
4910 0
4911 1
4912 1
4913 1
4914 1
4915 0
4916 1
4917 0
4918 0
4919 0
4920 0
4921 1
4922 1
4923 1
4924 0
4925 0
4926 1
4927 1
4928 1
4929 0
4930 1
4931 1
4932 1
4933 0
4934 1
4935 0
4936 0
4937 0
4938 1
4939 0
4940 0
4941 1
4942 0
4943 1
4944 1
4945 1
4946 0
4947 0
4948 0
4949 1
4950 0
4951 0
4952 0
4953 0
4954 1
4955 1
4956 0
4957 1
4958 1
4959 1
4960 1
4961 0
4962 1
4963 1
4964 1
4965 0
4966 1
4967 0
4968 1
4969 1
4970 1
4971 1
4972 0
4973 0
4974 1
4975 1
4976 1
4977 1
4978 0
4979 0
4980 1
4981 0
4982 1
4983 1
4984 0
4985 1
4986 0
4987 1
4988 1
4989 0
4990 1
4991 1
4992 0
4993 1
4994 1
4995 0
4996 0
4997 0
4998 1
4999 0
5000 1
5001 1
5002 1
5003 1
5004 0
5005 0
5006 0
5007 1
5008 0
5009 1
5010 1
5011 0
5012 0
5013 1
5014 0
5015 1
5016 0
5017 0
5018 0
5019 1
5020 0
5021 0
5022 0
5023 0
5024 0
5025 1
5026 1
5027 1
5028 0
5029 1
5030 1
5031 1
5032 0
5033 0
5034 1
5035 1
5036 1
5037 1
5038 0
5039 1
5040 1
5041 1
5042 1
5043 0
5044 0
5045 1
5046 1
5047 0
5048 0
5049 1
5050 0
5051 1
5052 0
5053 1
5054 0
5055 1
5056 0
5057 0
5058 0
5059 0
5060 1
5061 0
5062 0
5063 1
5064 0
5065 1
5066 0
5067 1
5068 1
5069 0
5070 0
5071 0
5072 0
5073 1
5074 1
5075 0
5076 1
5077 1
5078 0
5079 0
5080 0
5081 0
5082 1
5083 1
5084 0
5085 0
5086 0
5087 0
5088 1
5089 1
5090 0
5091 0
5092 0
5093 0
5094 1
5095 0
5096 0
5097 1
5098 0
5099 0
5100 1
5101 1
5102 1
5103 1
5104 1
5105 0
5106 1
5107 1
5108 1
5109 0
5110 1
5111 1
5112 0
5113 1
5114 1
5115 1
5116 0
5117 1
5118 1
5119 1
5120 1
5121 0
5122 0
5123 0
5124 0
5125 1
5126 1
5127 1
5128 1
5129 0
5130 1
5131 0
5132 1
5133 1
5134 1
5135 1
5136 1
5137 0
5138 0
5139 0
5140 1
5141 1
5142 0
5143 1
5144 1
5145 0
5146 0
5147 1
5148 0
5149 0
5150 0
5151 0
5152 1
5153 1
5154 0
5155 0
5156 0
5157 1
5158 0
5159 1
5160 1
5161 1
5162 0
5163 1
5164 0
5165 0
5166 0
5167 0
5168 1
5169 1
5170 1
5171 0
5172 1
5173 1
5174 0
5175 1
5176 0
5177 1
5178 1
5179 0
5180 0
5181 0
5182 1
5183 0
5184 0
5185 1
5186 1
5187 0
5188 1
5189 0
5190 0
5191 1
5192 0
5193 1
5194 1
5195 1
5196 1
5197 0
5198 1
5199 1
5200 1
5201 0
5202 0
5203 0
5204 1
5205 0
5206 0
5207 1
5208 1
5209 1
5210 1
5211 1
5212 0
5213 1
5214 1
5215 0
5216 0
5217 0
5218 0
5219 0
5220 0
5221 1
5222 0
5223 0
5224 1
5225 1
5226 1
5227 0
5228 0
5229 0
5230 0
5231 0
5232 1
5233 1
5234 1
5235 1
5236 1
5237 1
5238 1
5239 0
5240 0
5241 0
5242 1
5243 0
5244 1
5245 1
5246 1
5247 0
5248 0
5249 0
5250 0
5251 1
5252 0
5253 1
5254 1
5255 1
5256 0
5257 1
5258 0
5259 1
5260 0
5261 1
5262 0
5263 0
5264 1
5265 1
5266 0
5267 1
5268 1
5269 0
5270 1
5271 0
5272 1
5273 0
5274 1
5275 0
5276 0
5277 0
5278 1
5279 1
5280 1
5281 1
5282 1
5283 1
5284 0
5285 1
5286 0
5287 1
5288 1
5289 1
5290 0
5291 1
5292 0
5293 0
5294 1
5295 1
5296 0
5297 0
5298 0
5299 1
5300 0
5301 1
5302 1
5303 0
5304 1
5305 0
5306 0
5307 1
5308 0
5309 1
5310 1
5311 1
5312 1
5313 1
5314 1
5315 0
5316 1
5317 0
5318 0
5319 0
5320 0
5321 1
5322 0
5323 0
5324 1
5325 0
5326 0
5327 0
5328 1
5329 1
5330 1
5331 0
5332 0
5333 1
5334 1
5335 1
5336 1
5337 1
5338 0
5339 0
5340 0
5341 0
5342 0
5343 1
5344 0
5345 1
5346 1
5347 0
5348 1
5349 0
5350 1
5351 1
5352 1
5353 1
5354 1
5355 0
5356 1
5357 1
5358 0
5359 0
5360 0
5361 0
5362 1
5363 1
5364 0
5365 1
5366 0
5367 0
5368 1
5369 1
5370 1
5371 1
5372 0
5373 1
5374 1
5375 1
5376 1
5377 0
5378 1
5379 0
5380 0
5381 0
5382 0
5383 0
5384 1
5385 1
5386 0
5387 1
5388 1
5389 1
5390 1
5391 0
5392 0
5393 1
5394 1
5395 1
5396 1
5397 0
5398 1
5399 0
5400 0
5401 0
5402 1
5403 1
5404 0
5405 0
5406 0
5407 0
5408 0
5409 1
5410 1
5411 1
5412 0
5413 1
5414 0
5415 1
5416 0
5417 1
5418 0
5419 0
5420 0
5421 0
5422 0
5423 0
5424 0
5425 0
5426 1
5427 1
5428 1
5429 1
5430 1
5431 1
5432 0
5433 0
5434 0
5435 1
5436 0
5437 1
5438 0
5439 0
5440 1
5441 0
5442 0
5443 1
5444 1
5445 0
5446 0
5447 0
5448 1
5449 0
5450 0
5451 1
5452 0
5453 1
5454 1
5455 1
5456 0
5457 0
5458 1
5459 0
5460 0
5461 1
5462 1
5463 0
5464 0
5465 1
5466 0
5467 0
5468 1
5469 0
5470 1
5471 1
5472 0
5473 0
5474 0
5475 0
5476 1
5477 0
5478 1
5479 1
5480 1
5481 0
5482 0
5483 1
5484 1
5485 1
5486 0
5487 0
5488 0
5489 1
5490 0
5491 0
5492 0
5493 1
5494 1
5495 1
5496 0
5497 0
5498 0
5499 1
5500 1
5501 1
5502 0
5503 1
5504 0
5505 0
5506 1
5507 0
5508 0
5509 1
5510 0
5511 1
5512 1
5513 0
5514 1
5515 0
5516 1
5517 0
5518 1
5519 1
5520 1
5521 1
5522 1
5523 0
5524 1
5525 0
5526 1
5527 0
5528 0
5529 0
5530 0
5531 0
5532 1
5533 0
5534 1
5535 1
5536 0
5537 1
5538 1
5539 1
5540 1
5541 0
5542 1
5543 0
5544 1
5545 1
5546 0
5547 0
5548 1
5549 0
5550 0
5551 1
5552 0
5553 1
5554 1
5555 1
5556 1
5557 1
5558 1
5559 1
5560 0
5561 0
5562 1
5563 0
5564 1
5565 1
5566 0
5567 1
5568 0
5569 1
5570 0
5571 0
5572 0
5573 0
5574 1
5575 0
5576 1
5577 0
5578 1
5579 1
5580 0
5581 0
5582 0
5583 0
5584 0
5585 0
5586 0
5587 1
5588 1
5589 0
5590 1
5591 0
5592 1
5593 1
5594 0
5595 1
5596 1
5597 0
5598 0
5599 0
5600 1
5601 1
5602 0
5603 1
5604 0
5605 0
5606 0
5607 0
5608 1
5609 0
5610 0
5611 1
5612 0
5613 1
5614 0
5615 0
5616 1
5617 0
5618 0
5619 1
5620 1
5621 0
5622 1
5623 1
5624 1
5625 1
5626 0
5627 0
5628 1
5629 0
5630 1
5631 0
5632 1
5633 0
5634 0
5635 1
5636 1
5637 1
5638 0
5639 0
5640 0
5641 1
5642 1
5643 1
5644 1
5645 1
5646 0
5647 0
5648 1
5649 1
5650 0
5651 0
5652 0
5653 0
5654 0
5655 0
5656 0
5657 1
5658 0
5659 0
5660 0
5661 0
5662 0
5663 0
5664 1
5665 0
5666 0
5667 1
5668 0
5669 0
5670 0
5671 1
5672 1
5673 0
5674 1
5675 1
5676 0
5677 1
5678 0
5679 1
5680 1
5681 1
5682 1
5683 0
5684 1
5685 1
5686 1
5687 1
5688 1
5689 1
5690 1
5691 1
5692 1
5693 1
5694 0
5695 1
5696 0
5697 0
5698 0
5699 1
5700 1
5701 0
5702 1
5703 1
5704 1
5705 1
5706 1
5707 1
5708 1
5709 1
5710 0
5711 0
5712 0
5713 1
5714 1
5715 0
5716 0
5717 0
5718 0
5719 1
5720 0
5721 0
5722 1
5723 1
5724 0
5725 0
5726 1
5727 1
5728 1
5729 1
5730 1
5731 0
5732 1
5733 0
5734 0
5735 0
5736 1
5737 1
5738 0
5739 1
5740 1
5741 0
5742 0
5743 0
5744 0
5745 0
5746 1
5747 1
5748 1
5749 1
5750 1
5751 0
5752 0
5753 1
5754 0
5755 1
5756 1
5757 0
5758 1
5759 0
5760 1
5761 0
5762 1
5763 0
5764 1
5765 1
5766 0
5767 0
5768 1
5769 0
5770 0
5771 0
5772 0
5773 0
5774 0
5775 1
5776 1
5777 0
5778 1
5779 0
5780 1
5781 0
5782 1
5783 1
5784 1
5785 1
5786 1
5787 1
5788 1
5789 1
5790 1
5791 0
5792 0
5793 0
5794 1
5795 0
5796 1
5797 0
5798 0
5799 0
5800 0
5801 1
5802 0
5803 1
5804 1
5805 0
5806 1
5807 0
5808 1
5809 0
5810 1
5811 1
5812 1
5813 1
5814 0
5815 1
5816 1
5817 1
5818 0
5819 1
5820 0
5821 0
5822 1
5823 1
5824 0
5825 0
5826 0
5827 1
5828 0
5829 0
5830 0
5831 0
5832 0
5833 0
5834 1
5835 0
5836 1
5837 1
5838 1
5839 0
5840 0
5841 1
5842 1
5843 1
5844 0
5845 0
5846 1
5847 0
5848 0
5849 0
5850 1
5851 1
5852 0
5853 1
5854 0
5855 0
5856 1
5857 1
5858 0
5859 1
5860 1
5861 1
5862 1
5863 1
5864 0
5865 0
5866 0
5867 0
5868 0
5869 0
5870 1
5871 1
5872 1
5873 1
5874 1
5875 1
5876 0
5877 1
5878 0
5879 0
5880 0
5881 1
5882 1
5883 0
5884 1
5885 0
5886 0
5887 0
5888 0
5889 0
5890 1
5891 1
5892 0
5893 0
5894 1
5895 0
5896 0
5897 1
5898 0
5899 0
5900 0
5901 0
5902 0
5903 1
5904 1
5905 1
5906 0
5907 0
5908 1
5909 0
5910 0
5911 1
5912 0
5913 0
5914 0
5915 1
5916 0
5917 1
5918 0
5919 1
5920 0
5921 1
5922 1
5923 1
5924 0
5925 1
5926 0
5927 1
5928 1
5929 0
5930 1
5931 1
5932 1
5933 1
5934 1
5935 1
5936 0
5937 0
5938 1
5939 0
5940 1
5941 0
5942 1
5943 1
5944 0
5945 0
5946 0
5947 1
5948 0
5949 1
5950 0
5951 1
5952 1
5953 1
5954 1
5955 1
5956 0
5957 0
5958 1
5959 1
5960 1
5961 0
5962 0
5963 1
5964 0
5965 0
5966 1
5967 1
5968 0
5969 0
5970 0
5971 0
5972 1
5973 0
5974 0
5975 1
5976 0
5977 1
5978 1
5979 0
5980 0
5981 1
5982 0
5983 1
5984 0
5985 1
5986 0
5987 1
5988 0
5989 0
5990 0
5991 0
5992 0
5993 0
5994 0
5995 1
5996 1
5997 1
5998 1
5999 1
6000 0
6001 0
6002 1
6003 0
6004 0
6005 0
6006 1
6007 1
6008 1
6009 0
6010 1
6011 0
6012 0
6013 0
6014 1
6015 1
6016 1
6017 1
6018 0
6019 1
6020 0
6021 0
6022 1
6023 0
6024 1
6025 1
6026 0
6027 1
6028 0
6029 1
6030 1
6031 0
6032 1
6033 0
6034 1
6035 1
6036 0
6037 0
6038 0
6039 1
6040 0
6041 0
6042 1
6043 1
6044 1
6045 1
6046 1
6047 0
6048 1
6049 1
6050 0
6051 1
6052 0
6053 0
6054 1
6055 0
6056 1
6057 1
6058 0
6059 0
6060 0
6061 0
6062 1
6063 0
6064 1
6065 0
6066 0
6067 1
6068 1
6069 1
6070 0
6071 0
6072 0
6073 1
6074 1
6075 0
6076 1
6077 0
6078 0
6079 0
6080 0
6081 0
6082 0
6083 0
6084 0
6085 1
6086 1
6087 1
6088 1
6089 0
6090 1
6091 1
6092 0
6093 0
6094 1
6095 1
6096 0
6097 1
6098 1
6099 0
6100 0
6101 0
6102 0
6103 1
6104 1
6105 0
6106 1
6107 1
6108 1
6109 0
6110 1
6111 0
6112 0
6113 0
6114 0
6115 0
6116 0
6117 1
6118 0
6119 0
6120 1
6121 0
6122 0
6123 1
6124 0
6125 1
6126 1
6127 1
6128 1
6129 0
6130 1
6131 1
6132 0
6133 1
6134 1
6135 0
6136 1
6137 0
6138 0
6139 0
6140 0
6141 0
6142 0
6143 0
6144 1
6145 1
6146 0
6147 1
6148 1
6149 0
6150 0
6151 0
6152 0
6153 1
6154 1
6155 0
6156 1
6157 0
6158 0
6159 1
6160 0
6161 0
6162 1
6163 0
6164 1
6165 0
6166 1
6167 0
6168 1
6169 1
6170 0
6171 0
6172 1
6173 1
6174 0
6175 1
6176 0
6177 0
6178 1
6179 1
6180 1
6181 1
6182 0
6183 1
6184 0
6185 1
6186 1
6187 1
6188 0
6189 1
6190 0
6191 1
6192 0
6193 0
6194 0
6195 0
6196 0
6197 0
6198 1
6199 1
6200 1
6201 1
6202 0
6203 0
6204 1
6205 0
6206 1
6207 1
6208 0
6209 1
6210 1
6211 1
6212 0
6213 1
6214 0
6215 1
6216 1
6217 0
6218 1
6219 0
6220 0
6221 0
6222 0
6223 1
6224 0
6225 0
6226 1
6227 1
6228 0
6229 0
6230 0
6231 1
6232 0
6233 0
6234 0
6235 0
6236 0
6237 0
6238 0
6239 1
6240 1
6241 0
6242 1
6243 1
6244 1
6245 1
6246 0
6247 0
6248 0
6249 1
6250 0
6251 1
6252 1
6253 1
6254 1
6255 1
6256 0
6257 1
6258 0
6259 1
6260 0
6261 1
6262 0
6263 1
6264 0
6265 0
6266 1
6267 1
6268 0
6269 1
6270 0
6271 1
6272 1
6273 0
6274 1
6275 1
6276 1
6277 0
6278 1
6279 1
6280 0
6281 0
6282 1
6283 1
6284 0
6285 0
6286 0
6287 0
6288 1
6289 1
6290 1
6291 0
6292 1
6293 0
6294 1
6295 0
6296 1
6297 0
6298 0
6299 0
6300 1
6301 1
6302 1
6303 1
6304 0
6305 0
6306 0
6307 0
6308 1
6309 1
6310 1
6311 0
6312 1
6313 0
6314 0
6315 0
6316 0
6317 1
6318 0
6319 0
6320 0
6321 1
6322 1
6323 1
6324 1
6325 0
6326 1
6327 0
6328 0
6329 0
6330 0
6331 1
6332 1
6333 0
6334 1
6335 0
6336 1
6337 1
6338 1
6339 1
6340 0
6341 1
6342 0
6343 1
6344 0
6345 0
6346 0
6347 1
6348 0
6349 1
6350 1
6351 1
6352 0
6353 0
6354 0
6355 1
6356 1
6357 1
6358 1
6359 0
6360 0
6361 0
6362 1
6363 1
6364 1
6365 1
6366 0
6367 1
6368 0
6369 0
6370 0
6371 0
6372 0
6373 1
6374 1
6375 1
6376 0
6377 0
6378 1
6379 0
6380 0
6381 0
6382 1
6383 1
6384 0
6385 1
6386 0
6387 1
6388 0
6389 0
6390 1
6391 1
6392 0
6393 0
6394 1
6395 0
6396 1
6397 0
6398 1
6399 0
6400 0
6401 1
6402 1
6403 0
6404 0
6405 0
6406 1
6407 0
6408 1
6409 1
6410 0
6411 0
6412 1
6413 0
6414 0
6415 1
6416 1
6417 0
6418 0
6419 0
6420 1
6421 0
6422 1
6423 1
6424 1
6425 0
6426 0
6427 1
6428 1
6429 1
6430 0
6431 1
6432 1
6433 0
6434 0
6435 0
6436 0
6437 1
6438 1
6439 1
6440 0
6441 1
6442 1
6443 1
6444 1
6445 0
6446 1
6447 0
6448 1
6449 0
6450 1
6451 0
6452 0
6453 1
6454 1
6455 1
6456 0
6457 0
6458 0
6459 1
6460 1
6461 0
6462 0
6463 1
6464 0
6465 0
6466 1
6467 1
6468 1
6469 0
6470 0
6471 0
6472 1
6473 1
6474 0
6475 0
6476 1
6477 0
6478 0
6479 0
6480 1
6481 0
6482 1
6483 0
6484 0
6485 0
6486 0
6487 0
6488 0
6489 0
6490 0
6491 1
6492 0
6493 0
6494 0
6495 1
6496 0
6497 1
6498 0
6499 1
6500 0
6501 1
6502 0
6503 1
6504 0
6505 1
6506 1
6507 1
6508 0
6509 0
6510 1
6511 0
6512 0
6513 1
6514 0
6515 1
6516 1
6517 0
6518 1
6519 1
6520 0
6521 1
6522 1
6523 1
6524 1
6525 0
6526 1
6527 0
6528 0
6529 1
6530 1
6531 0
6532 1
6533 1
6534 0
6535 0
6536 1
6537 0
6538 0
6539 1
6540 1
6541 0
6542 0
6543 0
6544 0
6545 0
6546 1
6547 0
6548 1
6549 1
6550 0
6551 0
6552 1
6553 1
6554 1
6555 1
6556 0
6557 0
6558 1
6559 0
6560 1
6561 0
6562 0
6563 0
6564 1
6565 0
6566 0
6567 1
6568 0
6569 0
6570 0
6571 0
6572 0
6573 0
6574 1
6575 0
6576 0
6577 0
6578 1
6579 1
6580 1
6581 1
6582 1
6583 0
6584 1
6585 0
6586 0
6587 1
6588 0
6589 1
6590 1
6591 1
6592 0
6593 1
6594 1
6595 0
6596 1
6597 1
6598 1
6599 0
6600 1
6601 0
6602 0
6603 1
6604 1
6605 1
6606 0
6607 0
6608 1
6609 0
6610 1
6611 1
6612 1
6613 1
6614 0
6615 0
6616 0
6617 1
6618 0
6619 1
6620 0
6621 0
6622 1
6623 1
6624 1
6625 1
6626 1
6627 0
6628 0
6629 0
6630 1
6631 1
6632 1
6633 0
6634 1
6635 0
6636 1
6637 0
6638 1
6639 1
6640 0
6641 0
6642 0
6643 0
6644 0
6645 0
6646 0
6647 1
6648 0
6649 1
6650 1
6651 1
6652 1
6653 1
6654 1
6655 1
6656 0
6657 0
6658 0
6659 0
6660 1
6661 1
6662 1
6663 0
6664 0
6665 1
6666 0
6667 0
6668 1
6669 1
6670 0
6671 0
6672 1
6673 1
6674 1
6675 0
6676 1
6677 0
6678 0
6679 1
6680 0
6681 0
6682 0
6683 0
6684 0
6685 0
6686 0
6687 0
6688 1
6689 1
6690 1
6691 1
6692 1
6693 0
6694 1
6695 0
6696 1
6697 1
6698 1
6699 1
6700 1
6701 1
6702 0
6703 1
6704 0
6705 1
6706 0
6707 0
6708 1
6709 0
6710 1
6711 0
6712 0
6713 1
6714 0
6715 0
6716 0
6717 0
6718 0
6719 1
6720 0
6721 1
6722 0
6723 0
6724 0
6725 0
6726 1
6727 1
6728 1
6729 1
6730 0
6731 1
6732 0
6733 1
6734 1
6735 0
6736 1
6737 1
6738 0
6739 0
6740 1
6741 1
6742 1
6743 0
6744 1
6745 1
6746 1
6747 1
6748 1
6749 0
6750 0
6751 0
6752 1
6753 0
6754 1
6755 0
6756 0
6757 0
6758 0
6759 1
6760 0
6761 1
6762 0
6763 0
6764 0
6765 1
6766 0
6767 1
6768 0
6769 0
6770 0
6771 1
6772 1
6773 0
6774 1
6775 1
6776 0
6777 0
6778 0
6779 0
6780 1
6781 0
6782 1
6783 0
6784 1
6785 0
6786 1
6787 1
6788 0
6789 1
6790 1
6791 0
6792 0
6793 1
6794 1
6795 0
6796 0
6797 0
6798 0
6799 1
6800 1
6801 1
6802 1
6803 0
6804 0
6805 0
6806 1
6807 1
6808 1
6809 0
6810 1
6811 0
6812 1
6813 0
6814 0
6815 0
6816 0
6817 1
6818 1
6819 1
6820 1
6821 0
6822 1
6823 0
6824 1
6825 1
6826 1
6827 1
6828 0
6829 1
6830 1
6831 1
6832 1
6833 1
